"Annex 12: Number of Nepali Migrant Workers Based on Labour Approvals, by Sex and District (2019/20-2021/22)"
""
"New                                                            New and renew"
"S"
"District    2019/20 (2076/77)     2020/21 (2077/78)     2021/22 (2078/79)         2019/20 (2076/77)    2020/21 (2077/78)       2021/22 (2078/79)"
"N"
"M       W       T      M      W      T     M         W      T         M      W       T      M      W       T      M        W        T"
"Province 1"
"1 Bhojpur       1,936    195   2,131   528     72    600   2,965     373    3,338   3,645    292    3,937   1,181   109   1,290   5,389    516     5,905"
"2 Dhankuta      1,671    204   1,875   483     65    548   2,304     331    2,635   3,191    299    3,490   1,043   99    1,142   4,444    490     4,934"
"3 Ilam          2,466    552   3,018   691     199   890   3,167     864    4,031   4,371    789    5,160   1,375   289   1,664   5,661    1,301   6,962"
"4 Jhapa         7,767 1,649 9,416      2,384   650   3,034 10,883 2,675 13,558 15,895 2,634 18,529 6,468 1,022 7,490              23,702 4,264 27,966"
"5 Khotang       2,796    183   2,979   855     71    926   3,904     391    4,295   5,041    285    5,326   1,824   104   1,928   7,317    553     7,870"
"6 Morang        7,110 1,045 8,155      2,221   403   2,624 10,914 1,743 12,657 13,682 1,636 15,318 5,561            630   6,191   21,427 2,648 24,075"
"7 Okhaldhunga 1,386      170   1,556   449     69    518   2,106     356    2,462   2,397    257    2,654   847     99     946    3,528    479     4,007"
"8 Panchthar     2,215    302   2,517   624     104   728   3,085     437    3,522   3,961    409    4,370   1,313   127   1,440   5,506    621     6,127"
"9 Sankhuwasabha 1,565    148   1,713   402     64    466   2,107     255    2,362   2,702    225    2,927   853     92     945    3,843    363     4,206"
"10 Solukhumbu     688     257    945    232     139   371   1,521     570    2,091   1,156    384    1,540   437     193    630    2,162    738     2,900"
"11 Sunsari       5,216    663   5,879   2,082   225   2,307 9,648 1,062 10,710 10,452 1,044 11,496 5,180             365   5,545   19,161 1,670 20,831"
"12 Taplejung     1,398    141   1,539   336     45    381   1,715     220    1,935   2,369    201    2,570   719     60     779    3,091    302     3,393"
"13 Tehrathum     1,092    83    1,175   294     32    326   1,469     160    1,629   2,125    126    2,251   687     45     732    2,953    235     3,188"
""
""
""
""
"Nepal Labour Migration Report 2022"
"14 Udayapur      2,857    360   3,217   935     116   1,051 4,726     672    5,398   5,111    526    5,637   1,821   190   2,011   7,927    911     8,838"
"Total       40,163 5,952 46,115 12,516 2,254 14,770 60,514 10,109 70,623 76,098 9,107 85,205 29,309 3,424 32,733 116,111 15,091 131,202"
"Madhesh Province"
"1 Bara          2,308    205   2,513   779     83    862   5,801     421    6,222   4,879    301    5,180   2,230   130   2,360   9,749    596     10,345"
"2 Dhanusa       10,144   48    10,192 5,418    14    5,432 22,799 103      22,902 20,251      81    20,332 12,651   34    12,685 41,141    151     41,292"
"3 Mahottari     7,014    56    7,070   3,543   22    3,565 16,711 127      16,838 13,711      96    13,807 8,067    40    8,107   28,813   176     28,989"
"4 Parsa         1,488    74    1,562   550     20    570   3,111     128    3,239   3,011    127    3,138   1,386   45    1,431   5,493    202     5,695"
"5 Rautahat      2,829    90    2,919   1,388   35    1,423 8,480     226    8,706   5,187    126    5,313   2,441   50    2,491   12,309   298     12,607"
"203"
""
""
""
""
"6 Saptari       5,457    30    5,487   1,810   11    1,821 11,150     83   11,233   9,698     54    9,752   4,069   25    4,094   18,196   131     18,327"
"204"
""
""
""
""
"Nepal Labour Migration Report 2022"
"New                                                             New and renew"
"S"
"District      2019/20 (2076/77)    2020/21 (2077/78)     2021/22 (2078/79)         2019/20 (2076/77)     2020/21 (2077/78)       2021/22 (2078/79)"
"N"
"M      W      T       M      W      T     M        W       T         M      W        T      M      W      T       M        W        T"
"7 Sarlahi          5,491   256   5,747   2,305   90    2,395 12,747 541      13,288   9,335    400     9,735   4,511   145   4,656   19,282   750     20,032"
"8 Siraha           8,602   26    8,628   4,568    9    4,577 17,573    65    17,638 16,026      46     16,072 9,870    18    9,888   32,140    93     32,233"
"Total         43,333 785 44,118 20,361 284 20,645 98,372 1,694 100,066 82,098 1,231 83,329 45,225 487 45,712 167,123 2,397 169,520"
"Bagmati Province"
"1 Bhaktapur         416    159   575     136     63    199    578      266    844     1,010    274     1,284   447     133   580     1,330    449     1,779"
"2 Chitwan         3,122   557   3,679   1,239   247   1,486 5,658 1,035      6,693   7,581    901     8,482   3,705   411   4,116   12,350 1,585 13,935"
"3 Dhading          2,525   480   3,005   972     186   1,158 4,552 1,025      5,577   4,727    720     5,447   2,092   302   2,394   7,810    1,417   9,227"
"4 Dolakha          1,367   463   1,830   440     177   617   2,325     755    3,080   2,423    699     3,122   913     271   1,184   3,802    1,109   4,911"
"5 Kathmandu        1,442   791   2,233   482     278   760   1,945 1,251      3,196   3,585    1,551   5,136   1,546   646   2,192   4,688    2,327   7,015"
"6 Kavrepalanchok 2,400     836   3,236   813     324   1,137 4,224 1,642      5,866   4,380    1,283   5,663   1,781   506   2,287   7,013    2,333   9,346"
"7 Lalitpur          740    311   1,051   219     114   333   1,020     616    1,636   1,616    530     2,146   626     221   847     2,151    1,025   3,176"
"8 Makwanpur        2,383   948   3,331   873     345   1,218 4,736 1,856      6,592   4,571    1,383   5,954   1,884   544   2,428   7,707    2,555 10,262"
"9 Nuwakot          2,287   747   3,034   748     287   1,035 3,680 1,422      5,102   4,058    1,079   5,137   1,668   448   2,116   6,417    1,961   8,378"
"10 Ramechhap       1,594   395   1,989   505     158   663   2,629     730    3,359   2,913    637     3,550   1,070   256   1,326   4,445    1,095   5,540"
"11 Rasuwa           264    168   432      92     190   282    509      313    822        420   223      643    167     215   382      718     400     1,118"
"12 Sindhuli        2,363   362   2,725   902     117   1,019 4,330     734    5,064   3,999    534     4,533   1,567   181   1,748   6,543    989     7,532"
"13 Sindhupalchok   2,464 1,422 3,886     897     608   1,505 4,161 2,025      6,186   4,029    2,030   6,059   1,649   843   2,492   6,369    2,922   9,291"
"Total         23,367 7,639 31,006 8,318 3,094 11,412 40,347 13,670 54,017 45,312 11,844 57,156 19,115 4,977 24,092 71,343 20,167 91,510"
"Gandaki Province"
"1 Baglung          2,799   102   2,901   1,128   35    1,163 4,781     223    5,004   6,601    149     6,750   3,123   65    3,188   10,293   310     10,603"
"2 Gorkha           2,815   280   3,095   978     125   1,103 4,856     634    5,490   5,819    427     6,246   2,484   197   2,681   9,451    871     10,322"
"3 Kaski            2,393   313   2,706   803     133   936   4,037     595    4,632   6,439    546     6,985   2,788   223   3,011   10,067   915     10,982"
"4 Lamjung          2,128   168   2,296   717     62    779   3,195     316    3,511   4,714    257     4,971   2,051   110   2,161   7,360    469     7,829"
"5 Manang            19      6     25      4       1     5     22       11      33        26     8       34      7       2     9       31       18      49"
"                                                      New                                                           New and renew"
"S"
"District     2019/20 (2076/77)    2020/21 (2077/78)    2021/22 (2078/79)         2019/20 (2076/77)    2020/21 (2077/78)       2021/22 (2078/79)"
"N"
"M      W      T       M      W      T     M       W       T         M      W       T      M      W      T       M       W       T"
"6 Mustang          26     9      35      18     2      20    64       26     90        47     14     61      27     4      31      94      31     125"
"7 Myagdi          1,370   123   1,493   439     55    494   1,957    271    2,228   2,980    194    3,174   1,113   75    1,188   4,277    356   4,633"
"Nawalparasi"
"8 Nawalparasi                3,278   265   3,543   1,225   94    1,319 6,196    452    6,648   7,390    452    7,842   3,593   164   3,757   12,242   719   12,961"
"East"
"9 Parbat          1,590   87    1,677   581     48    629   2,282    167    2,449   3,716    138    3,854   1,786   68    1,854   5,872    257   6,129"
"10 Syangja        3,134   183   3,317   1,281   81    1,362 5,280    386    5,666   8,808    324    9,132   4,737   154   4,891   14,491   654   15,145"
"11 Tanahu         3,611   205   3,816   1,293   100   1,393 6,314    471    6,785   9,150    355    9,505   4,121   172   4,293   14,933   711   15,644"
"Total       23,163 1,741 24,904 8,467     736   9,203 38,984 3,552 42,536 55,690 2,864 58,554 25,830 1,234 27,064 89,111 5,311 94,422"
"Lumbini Province"
"1 Arghakhanchi 1,572      65    1,637   658     20    678   2,890    162   3,052    3,978    116    4,094   1,893   48    1,941   6,505    244   6,749"
"2 Banke           2,215   192   2,407   907     61    968   4,848    310    5,158   4,034    270    4,304   1,782   86    1,868   7,663    434   8,097"
"3 Bardiya         2,111   151   2,262   722     49    771   3,825    222    4,047   3,730    221    3,951   1,375   73    1,448   6,082    347   6,429"
"4 Dang            4,310   270   4,580   1,815   112   1,927 7,759    614    8,373   7,191    398    7,589   3,001   173   3,174   11,850   875   12,725"
"5 Gulmi           2,362   110   2,472   916     51    967   4,059    201    4,260   6,185    216    6,401   3,295   99    3,394   10,143   403   10,546"
"6 Kapilbastu      3,311   84    3,395   1,069   35    1,104 6,649    135    6,784   7,006    161    7,167   3,892   58    3,950   13,771   246   14,017"
""
""
""
""
"Nepal Labour Migration Report 2022"
"Nawalparasi"
"7 NawalparasiWest                2,026   164   2,190   758     59    817   3,830    280    4,110   4,568    280    4,848   2,221   102   2,323   7,567    445   8,012"
"West"
"8 Palpa           2,240   92    2,332   801     53    854   3,827    206    4,033   5,672    180    5,852   2,766   89    2,855   9,127    345   9,472"
"9 Pyuthan         1,814   48    1,862   758     18    776   3,483     90    3,573   3,083     71    3,154   1,322   32    1,354   5,714    134   5,848"
"10 Rolpa          2,965   71    3,036   1,339   28    1,367 5,083    180    5,263   4,979    107    5,086   1,990   40    2,030   7,722    238   7,960"
"11 Rukum East      360    19    379     140      5    145    711      38    749        550    24     574    194      8    202      949     48     997"
"12 Rupandehi      4,287   352   4,639   1,394   130   1,524 8,706    575    9,281   10,042   648    10,690 5,129    252   5,381   18,075 1,014 19,089"
"Total       29,573 1,618 31,191 11,277 621 11,898 55,670 3,013 58,683 61,018 2,692 63,710 28,860 1,060 29,920 105,168 4,773 109,941"
"205"
"206"
""
""
""
""
"Nepal Labour Migration Report 2022"
"New                                                             New and renew"
"S"
"District    2019/20 (2076/77)     2020/21 (2077/78)    2021/22 (2078/79)          2019/20 (2076/77)    2020/21 (2077/78)       2021/22 (2078/79)"
"N"
"M      W      T      M      W      T      M       W       T          M      W       T      M      W      T       M       W       T"
"Karnali Province"
"1 Dailekh          765     27    792     235    16     251   1,238    54     1,292      1,237   35    1,272   438     21    459     1,953    77    2,030"
"2 Dolpa             34     7      41     10      1     11     62      10      72         49     14     63      14     1      15      80      15      95"
"3 Humla             34     2      36     10      2     12     50      12      62         47      3      50     12     2      14      69      13      82"
"4 Jajarkot         651     14    665     169     5     174    912     31     943        884     18     902    227      7    234     1,187    39    1,226"
"5 Jumla            183     2     185     93      2     95     396     10     406        253      5     258    117      3    120      481     12     493"
"6 Kalikot          210     6     216     66      7     73     276     14     290        290     10     300     82      8     90      376     22     398"
"7 Mugu              85     3      88     23      3     26     124      4     128        115      3     118     32      3     35      152      5     157"
"8 Rukum West      1,186    66    1,252   465    16     481   2,346   125     2,471      1,814   84    1,898   645     25    670     3,131    159   3,290"
"9 Salyan          2,532    66    2,598   899    34     933   4,576   178     4,754      3,681   103   3,784   1,250   46    1,296   5,931    229   6,160"
"10 Surkhet        1,468    84    1,552   485    24     509   2,877   131     3,008      2,290   113   2,403   819     35    854     4,051    187   4,238"
"Total      7,148   277    7,425 2,455    110   2,565 12,857 569      13,426 10,660       388   11,048 3,636    151   3,787   17,411   758   18,169"
"Sudurpashchim Province"
"1 Achham           244     4     248     60      1     61     369     34     403        382      6     388    135      6    141      587     36     623"
"2 Baitadi          640     5     645     191     3     194   1,180    33     1,213      1,022   10    1,032   379      5    384     1,781    39    1,820"
"3 Bajhang          207     5     212     56      1     57     278     26     304        330      5     335     82      1     83      408     28     436"
"4 Bajura           224     5     229     60      2     62     266     25     291        306      7     313     83      3     86      353     30     383"
"5 Dadeldhura       355     4     359      95     2     97     624     22     646        597     13     610    210      3    213      962     27     989"
"6 Darchula         462     13    475      93     4     97     780     24     804        701     14     715    184      4    188     1,110    30    1,140"
"7 Doti             278     3     281      99     1     100    476     10     486        473      8     481    172      3    175      751     18     769"
"8 Kailali         1,494    92    1,586   431    43     474   2,449    187    2,636      2,502   148   2,650   986     60    1,046   4,149    280   4,429"
"9 Kanchanpur      1,540    59    1,599   415    22     437   2,639    94     2,733      2,755   92    2,847   1,027   38    1,065   4,593    143   4,736"
"Total      5,444   190    5,634 1,500    79    1,579 9,061    455     9,516      9,068   303   9,371   3,258   123   3,381   14,694   631   15,325"
"Grand Total   172,191 18,202 190,393 64,894 7,178 72,072 315,805 33,062 348,867 339,944 28,429 368,373 155,233 11,456 166,689 580,961 49,128 630,089"
""
